category,department,q1_sek,q2_sek,q3_forecast_sek,q4_forecast_sek,total_sek
Fleet Maintenance,Operations,3150000,3420000,3280000,3600000,13450000
IoT Infrastructure,Technology,2100000,2350000,2500000,2750000,9700000
Driver Training,HR,780000,850000,920000,950000,3500000
AI R&D (Sensitivity Router),Technology,1400000,1600000,1850000,2150000,7000000
Fuel & Energy,Operations,4200000,3900000,4100000,4300000,16500000
Insurance & Compliance,Legal,1250000,1250000,1300000,1300000,5100000
TOTAL,,12880000,13370000,13950000,15050000,55250000
